right/aachen_000000_000029_rightImg8bit.png 13.6909853672 0 -24.6903756973
left/aachen_000000_000029_leftImg8bit.png 13.9109853672 0 -24.6903756973
right/aachen_000000_000029_rightImg8bit.png 0.0270184410242 0 1.2271913162
left/aachen_000000_000029_leftImg8bit.png 0.247018441024 0 1.2271913162
right/aachen_000000_000029_rightImg8bit.png 0.0891021911103 0 3.06884468077
left/aachen_000000_000029_leftImg8bit.png 0.30910219111 0 3.06884468077
right/aachen_000000_000029_rightImg8bit.png 0.117169020986 0 4.29992953953
left/aachen_000000_000029_leftImg8bit.png 0.337169020986 0 4.29992953953
right/aachen_000000_000029_rightImg8bit.png 0.144771149926 0 5.52612639599
left/aachen_000000_000029_leftImg8bit.png 0.364771149926 0 5.52612639599
right/aachen_000000_000029_rightImg8bit.png 0.172423770745 0 6.75232319745
left/aachen_000000_000029_leftImg8bit.png 0.392423770745 0 6.75232319745
right/aachen_000000_000029_rightImg8bit.png 0.234782682273 0 8.58367779107
left/aachen_000000_000029_leftImg8bit.png 0.454782682273 0 8.58367779107
right/aachen_000000_000029_rightImg8bit.png 0.262466609479 0 9.8079126937
left/aachen_000000_000029_leftImg8bit.png 0.482466609479 0 9.8079126937
right/aachen_000000_000029_rightImg8bit.png 0.323906652613 0 11.642236255
left/aachen_000000_000029_leftImg8bit.png 0.543906652613 0 11.642236255
right/aachen_000000_000029_rightImg8bit.png 0.350159118736 0 12.8714025042
left/aachen_000000_000029_leftImg8bit.png 0.570159118736 0 12.8714025042
right/aachen_000000_000029_rightImg8bit.png 0.375622850155 0 14.1015661972
left/aachen_000000_000029_leftImg8bit.png 0.595622850155 0 14.1015661972
right/aachen_000000_000029_rightImg8bit.png 0.434007151083 0 15.9521642206
left/aachen_000000_000029_leftImg8bit.png 0.654007151083 0 15.9521642206
right/aachen_000000_000029_rightImg8bit.png 0.490616695451 0 17.8101669252
left/aachen_000000_000029_leftImg8bit.png 0.710616695451 0 17.8101669252
right/aachen_000000_000029_rightImg8bit.png 0.515354134217 0 19.0560223753
left/aachen_000000_000029_leftImg8bit.png 0.735354134217 0 19.0560223753
right/aachen_000000_000029_rightImg8bit.png 0.573524997124 0 20.9404394566
left/aachen_000000_000029_leftImg8bit.png 0.793524997124 0 20.9404394566
right/aachen_000000_000029_rightImg8bit.png 0.598741942744 0 22.2000024216
left/aachen_000000_000029_leftImg8bit.png 0.818741942744 0 22.2000024216
right/aachen_000000_000029_rightImg8bit.png 0.654510441476 0 24.0977224862
left/aachen_000000_000029_leftImg8bit.png 0.874510441476 0 24.0977224862
right/aachen_000000_000029_rightImg8bit.png 0.679662395244 0 25.3670854204
left/aachen_000000_000029_leftImg8bit.png 0.899662395244 0 25.3670854204
right/aachen_000000_000029_rightImg8bit.png 0.736895543479 0 27.2765225918
left/aachen_000000_000029_leftImg8bit.png 0.956895543479 0 27.2765225918
right/aachen_000000_000029_rightImg8bit.png 0.762563871087 0 28.5507737758
left/aachen_000000_000029_leftImg8bit.png 0.982563871087 0 28.5507737758
right/aachen_000000_000029_rightImg8bit.png 0.819986758869 0 30.4704964262
left/aachen_000000_000029_leftImg8bit.png 1.03998675887 0 30.4704964262
right/aachen_000000_000029_rightImg8bit.png 0.845687807683 0 31.7516062423
left/aachen_000000_000029_leftImg8bit.png 1.06568780768 0 31.7516062423
right/aachen_000000_000029_rightImg8bit.png 0.872686108924 0 33.0405292671
left/aachen_000000_000029_leftImg8bit.png 1.09268610892 0 33.0405292671
right/aachen_000000_000029_rightImg8bit.png 0.933142217617 0 34.9719224313
left/aachen_000000_000029_leftImg8bit.png 1.15314221762 0 34.9719224313
right/aachen_000000_000029_rightImg8bit.png 0.958809225077 0 36.2579314046
left/aachen_000000_000029_leftImg8bit.png 1.17880922508 0 36.2579314046
right/aachen_000000_000029_rightImg8bit.png 0.983833985324 0 37.5449330342
left/aachen_000000_000029_leftImg8bit.png 1.20383398532 0 37.5449330342
right/aachen_000000_000029_rightImg8bit.png 1.03797718785 0 39.4809219175
left/aachen_000000_000029_leftImg8bit.png 1.25797718785 0 39.4809219175
right/aachen_000000_000029_rightImg8bit.png 1.06038668487 0 40.7728709358
left/aachen_000000_000029_leftImg8bit.png 1.28038668487 0 40.7728709358
right/aachen_000000_000029_rightImg8bit.png 1.1091820867 0 42.7148836161
left/aachen_000000_000029_leftImg8bit.png 1.3291820867 0 42.7148836161
right/aachen_000000_000029_rightImg8bit.png 1.13106307342 0 44.0117424357
left/aachen_000000_000029_leftImg8bit.png 1.35106307342 0 44.0117424357
