# Image list with two lines of data per image:
#   IMAGE_ID, QW, QX, QY, QZ, TX, TY, TZ, CAMERA_ID, NAME
#   POINTS2D[] as (X, Y, POINT3D_ID)
# Number of images: 60, mean observations per image: 1457.47
60 0.999968 0.00481944 -0.00592048 -0.00235277 0.0429181 0.221772 -6.07226 2 right/weimar_000141_000029_rightImg8bit.png
59 0.999969 0.00471945 -0.00547182 -0.00315568 0.0307548 0.204223 -5.6688 2 right/weimar_000141_000028_rightImg8bit.png
58 0.999969 0.004655 -0.00513174 -0.00382713 0.0201813 0.188359 -5.26758 2 right/weimar_000141_000027_rightImg8bit.png
57 0.999968 0.00458692 -0.0048899 -0.00446675 0.0102963 0.171723 -4.86163 2 right/weimar_000141_000026_rightImg8bit.png
56 0.999968 0.00441945 -0.00458552 -0.00483741 -5.06567e-05 0.154101 -4.45685 2 right/weimar_000141_000025_rightImg8bit.png
55 0.999969 0.0043353 -0.0042831 -0.00504559 -0.00950155 0.137441 -4.04921 2 right/weimar_000141_000024_rightImg8bit.png
54 0.999966 0.00442269 -0.00396592 -0.00568929 -0.0191455 0.121785 -3.6413 2 right/weimar_000141_000023_rightImg8bit.png
53 0.999961 0.00465544 -0.00372757 -0.00649385 -0.0283189 0.108363 -3.23155 2 right/weimar_000141_000022_rightImg8bit.png
52 0.999958 0.00499368 -0.00355441 -0.00687956 -0.036299 0.0962342 -2.82068 2 right/weimar_000141_000021_rightImg8bit.png
51 0.999953 0.00543548 -0.00327992 -0.00731594 -0.0446274 0.0829119 -2.40796 2 right/weimar_000141_000020_rightImg8bit.png
50 0.999948 0.00585577 -0.00301258 -0.00776558 -0.052871 0.0680448 -1.99519 2 right/weimar_000141_000019_rightImg8bit.png
49 0.999943 0.00629386 -0.00273091 -0.00820445 -0.061508 0.0540427 -1.57979 2 right/weimar_000141_000018_rightImg8bit.png
48 0.999936 0.00666917 -0.00252138 -0.0088285 -0.0698514 0.0388602 -1.16308 2 right/weimar_000141_000017_rightImg8bit.png
47 0.999929 0.00693363 -0.00248936 -0.00941902 -0.0773914 0.0226634 -0.745338 2 right/weimar_000141_000016_rightImg8bit.png
22 0.999959 0.00494646 -0.00343658 -0.00680394 0.128655 0.0954955 -2.82195 1 left/weimar_000141_000021_leftImg8bit.png
21 0.999954 0.00537834 -0.00318694 -0.00721279 0.121738 0.0821697 -2.40996 1 left/weimar_000141_000020_leftImg8bit.png
20 0.99995 0.00579711 -0.00289503 -0.00763212 0.111447 0.0678694 -1.99599 1 left/weimar_000141_000019_leftImg8bit.png
19 0.999944 0.0062366 -0.00265401 -0.00809761 0.105294 0.0534671 -1.58224 1 left/weimar_000141_000018_leftImg8bit.png
18 0.999937 0.00661206 -0.00246078 -0.00876512 0.0979053 0.0377843 -1.16563 1 left/weimar_000141_000017_leftImg8bit.png
17 0.99993 0.00685771 -0.00239587 -0.0093383 0.0887612 0.0214431 -0.749153 1 left/weimar_000141_000016_leftImg8bit.png
15 0.999921 0.00688888 -0.00303804 -0.0100378 0.0751537 -0.0114848 0.0871965 1 left/weimar_000141_000014_leftImg8bit.png
14 0.999918 0.00666431 -0.00346932 -0.0104102 0.0669784 -0.0270798 0.504877 1 left/weimar_000141_000013_leftImg8bit.png
13 0.999912 0.00634356 -0.00382838 -0.0109652 0.0559273 -0.0416482 0.92609 1 left/weimar_000141_000012_leftImg8bit.png
12 0.999905 0.00605826 -0.00415417 -0.0116751 0.0465346 -0.0561116 1.34167 1 left/weimar_000141_000011_leftImg8bit.png
11 0.999904 0.00569752 -0.0045606 -0.0118186 0.0382161 -0.0722494 1.75838 1 left/weimar_000141_000010_leftImg8bit.png
4 0.999924 0.00348167 -0.0062085 -0.0100437 -0.0191387 -0.163214 4.70604 1 left/weimar_000141_000003_leftImg8bit.png
3 0.999938 0.0025579 -0.00615258 -0.00892219 -0.0302096 -0.181164 5.5475 1 left/weimar_000141_000001_leftImg8bit.png
2 0.999931 0.00291028 -0.00619438 -0.00953382 -0.0248795 -0.171092 5.12662 1 left/weimar_000141_000002_leftImg8bit.png
1 0.999937 0.00247119 -0.00620884 -0.00898816 -0.0374003 -0.193799 5.96883 1 left/weimar_000141_000000_leftImg8bit.png
5 0.999925 0.00405913 -0.00612381 -0.00983343 -0.0112369 -0.153447 4.28475 1 left/weimar_000141_000004_leftImg8bit.png
6 0.999924 0.00456936 -0.00601823 -0.00976739 -0.00278636 -0.142067 3.86258 1 left/weimar_000141_000005_leftImg8bit.png
7 0.999921 0.00509154 -0.00592921 -0.0098605 0.0051275 -0.128869 3.43993 1 left/weimar_000141_000006_leftImg8bit.png
8 0.999917 0.00530421 -0.00576883 -0.0102162 0.0128067 -0.113494 3.01861 1 left/weimar_000141_000007_leftImg8bit.png
9 0.99991 0.00528505 -0.00540958 -0.0111239 0.0207354 -0.0979528 2.59699 1 left/weimar_000141_000008_leftImg8bit.png
10 0.999906 0.00534221 -0.00497779 -0.0116151 0.0292042 -0.0854711 2.17831 1 left/weimar_000141_000009_leftImg8bit.png
23 0.999962 0.0046031 -0.00364333 -0.00643465 0.137991 0.107256 -3.23346 1 left/weimar_000141_000022_leftImg8bit.png
24 0.999967 0.00436535 -0.00384232 -0.00562285 0.145229 0.12116 -3.64194 1 left/weimar_000141_000023_leftImg8bit.png
25 0.999969 0.00431435 -0.00419934 -0.00501046 0.157014 0.138087 -4.04964 1 left/weimar_000141_000024_leftImg8bit.png
26 0.999969 0.0043649 -0.00453388 -0.00468783 0.167158 0.153846 -4.45758 1 left/weimar_000141_000025_leftImg8bit.png
27 0.999969 0.0045249 -0.00481115 -0.00436216 0.176416 0.171301 -4.86315 1 left/weimar_000141_000026_leftImg8bit.png
28 0.99997 0.00459536 -0.00504626 -0.00374352 0.184998 0.187804 -5.26789 1 left/weimar_000141_000027_leftImg8bit.png
29 0.99997 0.00465812 -0.00536674 -0.00309732 0.195238 0.203087 -5.67078 1 left/weimar_000141_000028_leftImg8bit.png
30 0.999969 0.00475541 -0.00582403 -0.00226567 0.207512 0.220337 -6.07412 1 left/weimar_000141_000029_leftImg8bit.png
31 0.999936 0.0025687 -0.00626788 -0.00911557 -0.205447 -0.192578 5.97149 2 right/weimar_000141_000000_rightImg8bit.png
32 0.999936 0.00263731 -0.00622313 -0.00906247 -0.198032 -0.181248 5.55223 2 right/weimar_000141_000001_rightImg8bit.png
33 0.999929 0.00298457 -0.0062855 -0.00965636 -0.192191 -0.171372 5.13091 2 right/weimar_000141_000002_rightImg8bit.png
34 0.999922 0.00357141 -0.00627587 -0.0101937 -0.187021 -0.163338 4.70955 2 right/weimar_000141_000003_rightImg8bit.png
35 0.999923 0.00414041 -0.00619563 -0.00994811 -0.178919 -0.153401 4.28753 2 right/weimar_000141_000004_rightImg8bit.png
36 0.999922 0.00465223 -0.00610361 -0.00988207 -0.170364 -0.141789 3.86736 2 right/weimar_000141_000005_rightImg8bit.png
37 0.999919 0.00515656 -0.00601378 -0.00997789 -0.162566 -0.128628 3.4443 2 right/weimar_000141_000006_rightImg8bit.png
38 0.999915 0.00536447 -0.00585567 -0.010345 -0.154347 -0.113616 3.02249 2 right/weimar_000141_000007_rightImg8bit.png
39 0.999908 0.00534922 -0.00551014 -0.0112237 -0.146029 -0.0980035 2.60231 2 right/weimar_000141_000008_rightImg8bit.png
40 0.999904 0.00541636 -0.00506856 -0.0117354 -0.137206 -0.0848673 2.18165 2 right/weimar_000141_000009_rightImg8bit.png
41 0.999901 0.00578111 -0.00461474 -0.0119291 -0.129652 -0.0712419 1.76226 2 right/weimar_000141_000010_rightImg8bit.png
42 0.999903 0.00611506 -0.00422552 -0.0117826 -0.120251 -0.0562006 1.34267 2 right/weimar_000141_000011_rightImg8bit.png
43 0.99991 0.00638321 -0.00391247 -0.0111143 -0.109522 -0.0426138 0.924341 2 right/weimar_000141_000012_rightImg8bit.png
44 0.999916 0.00672455 -0.00353679 -0.0105136 -0.100402 -0.0268471 0.507595 2 right/weimar_000141_000013_rightImg8bit.png
45 0.99992 0.00694791 -0.00313264 -0.0100883 -0.0914464 -0.0105762 0.0902704 2 right/weimar_000141_000014_rightImg8bit.png
46 0.999924 0.00703571 -0.0026934 -0.00978906 -0.0840511 0.00485305 -0.327968 2 right/weimar_000141_000015_rightImg8bit.png
1679.87 2.30693 -1 1703.14 3.20111 -1 1922.79 4.20647 -1 64.0883 4.60144 5300 115.195 4.68975 4673 214.951 5.5806 -1 1232.07 5.16049 -1 1737.01 5.84212 -1 106.978 7.18131 -1 128.851 6.5037 4675 77.4615 7.84258 4676 235.047 7.79246 5190 1631.82 9.75736 -1 1631.82 9.75736 7731 1676.66 9.36744 -1 1676.66 9.36744 -1 194.188 11.1941 5063 194.188 11.1941 -1 1587.92 12.6643 6728 2044.18 13.1008 -1 946.397 14.3099 -1 75.3546 15.8755 4865 1469.02 14.9939 7462 46.5459 17.6067 -1 224.019 17.2016 4401 1787.89 17.6583 -1 1787.89 17.6583 -1 1887.42 17.4019 -1 1887.42 17.4019 -1 214.46 18.8549 -1 214.46 18.8549 -1 1974.14 18.063 -1 1217.99 19.8296 -1 654.236 20.5893 5518 1012.93 19.9849 -1 36.0483 20.9464 4866 74.7422 21.5615 4402 74.7422 21.5615 4403 88.7662 21.8505 -1 1352.21 21.2911 5060 1645.68 21.2803 5299 177.903 22.0242 5304 220.644 22.2566 4404 1580.6 22.6735 -1 1580.6 22.6735 -1 1721.73 23.1382 -1 1721.73 23.1382 -1 1015.05 24.6094 -1 242.573 25.6132 4406 253.505 25.6966 6167 1339.7 24.9554 4743 1537.91 25.6376 4864 183.556 26.2139 4961 183.556 26.2139 4962 177.28 27.364 -1 1204.43 27.5272 6478 56.1751 28.8295 -1 65.3522 28.6721 4679 268.841 28.5295 -1 2019.11 28.2763 4965 2019.11 28.2763 4964 136.952 29.4366 -1 136.952 29.4366 -1 1621.13 29.3657 -1 202.718 31.5831 4208 956.254 31.2118 -1 1134.19 31.7322 6982 1592.44 31.8094 -1 190.94 32.2051 -1 1465.18 32.0716 4070 1598.57 32.1959 -1 1884.11 33.5553 3713 124.493 35.0874 3928 219.519 35.8398 3929 56.8599 36.1243 4680 197.13 36.0208 3575 1270.8 37.5808 3715 1261.68 38.1924 -1 143.361 39.3347 3420 1684.8 39.2585 6569 1563.88 40.7265 -1 1563.88 40.7265 -1 1694.39 40.7037 -1 1722.96 40.4951 -1 161.489 41.097 3421 1960.53 41.1678 -1 183.669 42.8816 3422 1264.01 42.793 811 51.6399 43.8003 4329 1593.08 44.0349 3019 1593.08 44.0349 5305 239.482 45.5873 3333 996.263 45.5811 2 1612.32 45.6128 -1 1624.74 45.0193 -1 1624.74 45.0193 -1 1630.86 45.6956 -1 1780.02 45.5704 -1 1013.36 46.452 -1 1455.51 46.302 3669 1911.85 45.8967 -1 1956.28 46.7457 -1 1147.26 47.5292 -1 142.307 49.4257 3362 142.307 49.4257 4562 1656.81 49.1297 -1 1656.81 49.1297 -1 1890.19 50.3179 4071 2006.88 50.3659 -1 2006.88 50.3659 -1 663.021 51.7328 4072 1035.75 51.8288 4409 1042.42 51.9187 4410 1142.31 50.7011 6192 1142.31 50.7011 8131 1946.63 51.2967 -1 38.822 52.7712 -1 1896.11 52.2858 3755 2018.93 52.2097 -1 2018.93 52.2097 6217 109.748 53.8193 3424 158.043 53.3092 3823 1734.21 53.2708 -1 52.4881 54.5004 4073 52.4881 54.5004 4074 121.359 54.1904 3425 121.359 54.1904 3718 312.992 54.6782 3192 368.821 54.6099 2538 997.857 54.3685 8082 1560.8 54.4862 3070 1612.39 55.3528 -1 1853.25 56.5758 -1 1853.25 56.5758 -1 1907.91 56.9419 4075 1035.08 57.947 1125 1116.91 58.7794 -1 36.4383 59.682 4870 948.828 59.6169 7733 1667.53 59.7305 3935 1986.17 59.5729 4871 1632.65 60.3643 1571 1750.25 59.9778 -1 150.034 61.8352 3188 1619.07 61.0918 -1 125.833 62.709 3187 131.897 62.7984 3723 131.897 62.7984 3190 207.839 62.4824 2629 100.777 62.962 4077 237.148 64.6394 4213 975.761 64.5661 8030 1788.1 64.9982 -1 1870.38 64.997 3427 158.204 66.7954 3645 934.355 66.4789 -1 1414.87 66.6686 -1 1901.55 66.68 4183 72.5006 67.6776 4966 1742.15 67.9862 -1 1886.74 67.4157 -1 1938.25 67.8039 3936 126.527 69.242 3193 173.194 70.8082 2632 1415.48 73.0934 6171 1890.85 73.0095 -1 898.957 74.2073 8173 898.957 74.2073 7828 1680.78 74.2795 4078 1896.79 74.5395 4569 216.476 75.5329 7313 48.292 75.9962 4568 112.329 76.3452 3428 1574.18 76.5648 -1 1687.85 77.0114 2635 194.043 78.2858 2199 1235.75 78.4153 4683 1509.12 78.6846 -1 1589.19 78.6494 -1 1781.73 78.1669 -1 909.417 79.4976 6194 1352.78 79.595 4567 1549.85 79.5185 2482 1862.14 78.9379 3271 231.062 80.5093 4080 1564.38 80.8366 4081 84.4796 81.4104 4413 209.319 81.1196 2200 241.745 81.9268 2202 953.46 81.8617 6195 1555.59 81.0048 2956 1634.71 81.2456 2998 1367.42 82.3981 2017 1526.61 82.3953 5560 121.451 83.2163 3194 1643 83.7 3826 49.2825 84.1921 4082 901.598 85.205 6732 62.2102 86.8812 -1 116.288 86.861 4083 1789.8 86.0786 4184 1115.45 87.2007 8351 1453.12 88.7117 10 46.6751 89.3053 4969 67.1616 91.2915 3939 112.296 91.3323 3726 112.296 91.3323 4084 60.7403 92.3945 3940 60.7403 92.3945 -1 129.472 92.198 4085 33.8163 93.2106 -1 194.672 93.5869 -1 1563.29 93.7676 -1 2043.22 93.4033 -1 87.7832 94.6735 4530 156.555 94.3836 3195 230.588 94.787 1910 250.837 94.8521 1736 1023.26 94.5683 6275 1788.67 94.8018 -1 1788.67 94.8018 -1 1864.5 94.5251 5778 65.5539 96.3981 -1 183.406 97.6532 3925 1669.14 97.7882 -1 216.317 99.3937 3467 154.472 99.8848 3196 1410.79 99.8571 250 1866.79 99.6064 3651 1866.79 99.6064 -1 47.9989 100.893 4414 1093.95 101.286 7831 1766.95 101.458 -1 137.889 103.542 3198 35.3315 104.522 4415 1565.87 104.476 2959 1859.19 105.444 -1 1859.19 105.444 -1 225.272 107.284 1741 1570.98 108.521 1145 220.458 110.366 1914 220.458 110.366 1915 259.284 111.402 3433 1565.16 111.162 2216 1611.87 111.774 4571 1611.87 111.774 3566 1858.38 111.787 -1 92.4906 113.416 -1 92.4906 113.416 -1 1424.97 112.348 258 1641.62 112.55 4554 1560.07 113.909 -1 1634.45 113.54 1148 1533.59 114.033 3652 217.237 115.452 1917 1790.67 115.723 3732 245.441 116.843 3134 1101.9 116.359 -1 1524.64 117.233 865 1781.19 119.246 -1 66.032 120.105 -1 1621.69 121.157 -1 1677.56 121.688 4086 1853.26 121.27 -1 1615.13 122.21 -1 1700.93 122.277 -1 1700.93 122.277 -1 164.766 126.327 2542 254.528 126.593 1753 188.968 128.218 2215 188.968 128.218 4686 80.9165 130.388 3945 1249.08 130.574 505 929.639 131.85 7590 1647.16 131.133 4548 1577.38 133.153 1164 1577.38 133.153 4572 213.861 134.737 1920 287.061 134.319 2219 320.848 134.397 4557 368.035 135.243 2648 226.124 137.414 1922 1636.72 137.785 -1 47.3294 142.755 4690 74.282 142.152 -1 257.299 142.711 -1 1643.41 143.169 4087 157.76 145.124 2646 1636.96 145.237 4975 207.599 146.622 1763 1090.84 146.273 8165 1544.66 146.651 -1 1843.83 146.022 -1 1843.83 146.022 -1 74.7169 147.857 -1 74.7169 147.857 -1 1478.72 147.078 23 277.749 148.767 4217 1588.36 148.537 -1 165.775 152.627 2309 98.117 153.898 3437 307.511 153.533 2561 157.761 155.256 2650 237.81 155.488 1928 237.81 155.488 1929 1573.33 155.116 -1 801.669 158.048 -1 878.18 160.841 -1 114.42 161.199 4088 114.42 161.199 -1 262.597 161.253 2229 1561.72 161.226 881 1451.75 162.544 4973 1451.75 162.544 4973 191.956 162.917 2228 986.671 163.702 7833 1567.31 163.233 -1 1760.13 164.399 4089 1760.13 164.399 -1 52.0804 165.74 4576 919.209 165.114 -1 261.678 166.614 2966 997.589 166.872 8313 997.589 166.872 8312 2000.6 167.986 -1 878.525 169.772 -1 54.0698 171.649 4220 54.0698 171.649 4696 2042.93 171.639 -1 986.57 172.98 8287 1447.51 174.201 2833 189.925 175.376 2313 189.925 175.376 2314 854.886 175.051 7742 52.6901 177.793 4423 52.6901 177.793 4579 151.652 177.707 4090 949.543 177.763 -1 202.215 178.611 2233 202.215 178.611 3442 92.1745 179.084 3950 1731.43 179.76 -1 1731.43 179.76 -1 1771.44 179.146 -1 830.877 180.42 7926 232.358 182.283 4222 163.239 183.057 2655 910.97 183.711 7880 1932.77 183.416 4472 1338.19 184.341 5452 1590.79 185.088 -1 1344.24 185.238 -1 1768.14 185.404 4091 1584.1 188.89 -1 1938.49 189.743 -1 1938.49 189.743 -1 62.6332 190.395 4223 62.6332 190.395 -1 987.131 190.318 -1 190.051 191.882 2234 1535.27 192.005 -1 252.506 192.368 1780 198.246 193.531 3568 841.29 193.516 -1 930.236 193.455 8372 767.425 194.725 -1 790.131 194.567 -1 1942.13 195.657 4699 97.5583 196.647 -1 97.5583 196.647 -1 222.399 196.51 2237 246.955 197.102 1933 1352.14 195.938 -1 1768.17 196.162 -1 187.248 197.211 2235 233.135 197.382 1787 869.687 197.586 -1 197.578 199.874 2240 787.435 199.906 -1 787.435 199.906 -1 987.803 199.906 -1 999.529 199.432 -1 1334.04 200.25 4022 1334.04 200.25 -1 1347.91 200.768 -1 1763.88 200.12 -1 1763.88 200.12 -1 182.002 201.793 2243 1493.19 201.414 280 1555.8 201.832 4582 237.842 203.867 5180 131.681 204.473 3833 693.373 204.337 -1 693.373 204.337 -1 766.715 204.41 7881 1031.51 204.89 -1 1031.51 204.89 -1 773.418 205.508 8373 773.418 205.508 7845 1342.59 205.094 8288 1342.59 205.094 8288 251.835 206.531 1935 1765.46 206.58 4185 125.929 207.521 3217 931.1 208.345 -1 1022.04 208.258 -1 1050.25 208.942 -1 207.17 209.576 2245 1108.13 209.859 -1 1575.12 209.435 46 1843.44 209.637 -1 1843.44 209.637 -1 165.189 211.778 2246 1340.64 211.663 -1 872.432 212.822 -1 872.432 212.822 -1 173.06 214.721 2247 173.06 214.721 2248 1753.88 214.833 -1 231.199 215.732 2249 857.201 218.064 -1 857.201 218.064 -1 867.147 217.88 -1 1108.21 218.666 -1 196.513 219.888 2318 146.775 220.902 4092 238.274 220.212 1939 249.436 220.91 4180 249.436 220.91 1800 892.737 221.229 -1 141.378 223.117 2720 728.658 223.329 8375 835.169 224.724 8376 835.169 224.724 8377 818.497 225.33 -1 873.54 225.166 -1 140.316 228.216 -1 1507.81 231.668 65 1799.12 231.755 4094 733.144 232.561 7848 1577.34 232.5 4095 170.157 232.977 2251 790.157 234.136 4096 251.331 235.171 2028 101.629 236.167 4225 1994.52 236.653 5788 1994.52 236.653 -1 265.418 239.961 1943 1364.12 239.343 67 110.603 241.669 3953 682.209 241.282 -1 376.915 242.236 -1 733.664 242.778 -1 1516.41 242.775 4097 273.406 243.745 2580 826.164 243.103 -1 1372.63 243.552 69 728.651 245.967 -1 148.703 247.39 -1 1879.18 248.851 4098 1590.84 248.966 -1 1590.84 248.966 -1 1143.99 251.211 -1 1143.99 251.211 -1 152.769 252.407 -1 1571.33 253.353 -1 478.354 254.507 2666 503.549 254.486 -1 755.195 254.089 8405 174.347 255.501 -1 200.842 255.19 2324 200.842 255.19 5202 1491.14 256.452 1949 209.048 257.302 2325 238.392 258.638 -1 383.746 258.222 -1 166.238 259.974 4766 704.223 259.908 -1 704.223 259.908 -1 122.85 260.528 3262 1214.67 260.105 8205 1570.34 260.821 -1 1570.34 260.821 3581 157.627 261.043 5339 157.627 261.043 -1 278.6 262.294 6307 278.6 262.294 6721 502.07 263.02 1203 742.682 262.109 -1 742.682 262.109 5088 832.485 262.27 -1 485.103 263.773 949 873.479 263.573 -1 1601.02 264.011 -1 1907.28 264.382 -1 390.177 266.22 2835 399.434 265.778 3451 399.434 265.778 -1 729.825 265.123 8407 120.747 266.629 3263 1288.67 266.782 6437 40.1341 267.49 4880 70.1704 267.189 3957 156.483 267.104 4586 186.894 268.086 3674 715.941 267.096 -1 815.17 267.293 -1 858.038 267.345 -1 1178.72 267.513 -1 1178.72 267.513 -1 150.893 268.328 -1 240.453 268.699 5791 240.453 268.699 -1 500.677 267.892 4100 880.514 268.422 -1 1583.06 268.306 -1 61.6336 269.695 -1 286.268 269.826 -1 836.234 272.494 -1 1853.69 272.07 -1 517.256 274.912 2263 786.34 274.52 -1 168.185 278.559 4995 772.076 278.051 -1 196.889 279.181 1680 426.428 280.106 1212 1216.24 278.984 7721 176.729 280.716 3961 762.558 280.722 -1 920.055 279.56 -1 920.055 279.56 -1 800.456 281.826 -1 65.8994 282.2 4431 192.242 282.325 2723 478.449 282.833 2514 123.415 284.664 -1 1179.79 284.368 -1 744.475 285.274 -1 129.758 286.503 -1 963.285 286.455 -1 1002.56 286.501 -1 1002.56 286.501 -1 1882.57 286.843 -1 1882.57 286.843 -1 212.486 287.692 1699 212.486 287.692 3962 1604.82 287.577 -1 1604.82 287.577 4101 179.577 289.985 2670 801.408 289.746 -1 89.4151 290.306 -1 929.141 290.118 -1 929.141 290.118 -1 1145.64 290.773 -1 206.674 291.402 1700 400.575 291.445 3838 853.592 292.631 -1 116.601 294.558 -1 345.193 294.421 2330 345.193 294.421 2331 954.378 295.309 -1 725.521 296.356 -1 444.709 299.683 972 471.633 299.223 973 471.633 299.223 4102 511.374 300.529 5531 882.012 299.942 -1 882.012 299.942 -1 1578.34 300.463 5456 1578.34 300.463 -1 1285.32 301.815 -1 832.437 302.64 -1 867.004 302.467 -1 867.004 302.467 -1 1587.15 302.559 5423 397.536 303.205 974 1548.93 303.154 4337 1548.93 303.154 3348 476.46 304.305 2673 727.626 304.639 -1 1111.58 304.772 -1 49.4662 305.805 -1 852.489 305.463 -1 768.04 306.643 -1 876.097 309.143 -1 876.097 309.143 -1 53.572 310.379 -1 183.47 312.27 2674 861.202 312.367 -1 861.202 312.367 -1 98.0197 313.549 4104 98.0197 313.549 4105 476.47 314.774 3349 839.1 316.322 -1 839.1 316.322 -1 1516.84 317.926 334 1544.24 319.048 3225 1624.47 318.166 -1 1624.47 318.166 -1 784.146 319.42 -1 784.146 319.42 -1 744.454 321.505 -1 777.973 322.095 -1 767.154 324.284 -1 1468.03 324.626 3927 1468.03 324.626 -1 788.425 330.397 -1 683.545 331.756 -1 817.498 331.409 -1 1572.58 330.817 4106 1361.58 332.352 5427 1591.35 333.574 -1 764.39 334.444 -1 788.322 336.415 -1 746.259 338.624 -1 1457.75 341.865 4980 1457.75 341.865 5835 1336.62 342.977 1498 1336.62 342.977 7505 1574.1 343.132 3676 1244.35 344.773 -1 1249.41 347.907 8294 1646.64 349.032 -1 424.114 349.447 1248 1473.76 349.596 -1 1305.19 350.873 1732 1305.19 350.873 1732 1210.94 351.812 6069 428.522 355.015 2183 1573.62 354.93 -1 1174.84 355.378 -1 713.828 356.263 -1 831.44 357.74 -1 1291.21 359.07 -1 408.715 360.09 2182 1258.3 360.805 -1 1333.9 360.325 -1 1318.28 361.75 -1 819.146 362.922 -1 1658.91 362.754 -1 403.221 364.451 2181 713.882 364.414 -1 810.05 363.972 -1 1219.24 364.41 6990 1681.48 364.535 -1 884.545 365.818 -1 686.786 366.249 4501 790.385 367.321 -1 861.192 367.874 -1 861.192 367.874 -1 1119.09 367.484 -1 1301.02 367.684 -1 1325.12 367.784 -1 1689.43 368.367 -1 1689.43 368.367 -1 711.999 369.345 -1 711.999 369.345 -1 776.373 369.307 -1 776.373 369.307 -1 766.507 370.431 -1 1258.47 371.798 8411 1258.47 371.798 8317 748.088 373.364 -1 1118.72 375.05 -1 216.185 375.167 1707 730.599 374.737 -1 1151.45 375.684 4339 1151.45 375.684 -1 1219.39 375.672 -1 440.582 376.106 360 680.392 377.331 1976 884.867 377.046 -1 877.587 378.594 -1 877.587 378.594 -1 863.282 379.939 -1 863.282 379.939 -1 705.396 380.674 -1 1324.15 380.911 -1 1324.15 380.911 -1 750.144 382.094 -1 810.983 383.293 -1 810.983 383.293 -1 816.704 384.195 -1 589.43 385.272 1978 769.023 385.195 -1 769.023 385.195 -1 1220.07 386.228 -1 1220.07 386.228 -1 523.311 387.384 1274 684.862 387.475 -1 967.301 388.484 -1 1224.46 390.853 -1 1224.46 390.853 -1 924.602 392.152 -1 1264.31 392.808 -1 1264.31 392.808 -1 735.456 393.225 -1 1008.74 393.147 -1 1220.15 395.373 -1 1220.15 395.373 -1 1303.3 395.257 -1 1185.94 396.965 -1 84.9862 397.11 -1 84.9862 397.11 -1 689.975 398.191 -1 689.975 398.191 8533 959.042 397.205 -1 1007.9 400.003 -1 1007.9 400.003 -1 1264.13 399.571 -1 1264.13 399.571 -1 813.687 401.63 -1 813.687 401.63 -1 64.943 402.177 4233 695.594 402.111 4107 527.582 405.608 3026 551.596 405.679 1988 879.528 405.963 -1 216.609 407.648 2277 1186.56 407.142 -1 1255.88 407.247 -1 777.883 408.553 -1 842.617 409.511 -1 842.617 409.511 -1 70.0854 411.656 -1 70.0854 411.656 -1 532.024 412.069 3090 577.763 411.593 3550 1181.37 411.134 -1 924.975 412.906 -1 1153.42 413.627 -1 72.1026 416.404 -1 117.692 416.871 7225 516.796 416.674 1289 889.481 416.564 -1 1008.66 416.82 -1 1229.2 416.336 -1 567.697 417.872 3975 578.128 417.181 4108 221.905 419.881 1288 89.9322 421.063 4716 112.271 420.605 4894 537.548 420.801 -1 32.5354 421.728 -1 76.4307 421.624 4893 968.661 422.083 -1 1008.86 422.346 -1 106.813 423.619 4603 557.301 423.75 5215 60.6695 424.617 -1 876.89 425.191 -1 578.206 428.145 4440 1004.18 427.226 -1 95.4446 430.202 -1 95.4446 430.202 4442 511.671 429.901 2685 1122.43 430.728 -1 72.9188 431.814 -1 50.0888 432.18 4982 61.5497 432.235 4441 615.424 439.788 8387 227.682 440.212 2728 624.263 440.558 8211 629.854 440.134 8212 1122.72 442.68 -1 112.816 443.92 -1 560.536 443.652 -1 107.156 444.507 4235 62.5843 446.788 -1 591.809 448.773 -1 90.8192 449.157 5640 1056.9 453.331 -1 1056.9 453.331 -1 579.256 456.513 4724 579.256 456.513 4725 555.368 457.532 4237 85.8711 461.401 5218 41.048 462.359 6248 1099.47 461.988 -1 69.2226 466.652 7311 510.533 466.402 3234 1188.44 470.261 -1 514.043 471.686 7941 60.1006 472.843 4899 60.1006 472.843 6028 65.3812 473.179 5545 41.9464 478.054 4447 70.3399 480.607 4900 1125.24 481.181 -1 1050.67 483.155 -1 1050.67 483.155 -1 1103.46 483.322 -1 42.3574 484.855 5647 1015.91 484.804 -1 1155.28 484.98 -1 497.219 485.489 3845 551.687 486.214 4983 557.454 488.411 4857 293.536 492.776 3455 604.146 496.459 -1 442.277 499.415 -1 306.989 510.714 741 620.724 510.555 4984 337.88 512.296 742 594.817 514.471 -1 532.346 517.011 -1 101.999 518.337 4276 126.983 518.898 4110 56.3654 519.605 5635 35.4888 524.082 -1 35.4888 524.082 -1 519.522 524.334 5103 178.326 525.942 3748 1050.81 525.328 -1 52.7309 526.717 4277 106.489 527.945 4111 161.69 528.518 -1 614.385 528.33 -1 177.739 530.988 2690 518.971 531.572 5442 518.971 531.572 5443 528.433 531.437 7668 50.7528 533.515 -1 1286.42 535.783 2871 436.734 538.595 2691 436.734 538.595 2692 271.326 539.235 763 95.4072 540.462 3979 466.974 541.07 3457 466.974 541.07 3458 44.2404 544.631 3980 372.784 547.383 764 405.983 549.124 747 597.307 560.365 -1 282.412 569.164 1103 282.412 569.164 4113 551.019 587.228 -1 976.502 588.686 2735 403.288 609.632 4114 1414.4 631.248 2875 313.484 632.329 1715 1411.72 642.698 -1 1411.72 642.698 2860 873.255 667.392 2006 1534.88 681.932 3679 852.875 686.505 2294 188.149 691.5 3460 846.043 691.728 2555 1548.44 700.881 4343 824.589 711.092 4115 845.297 719.705 4116 1533.98 718.863 -1 756.846 812.768 3602 756.846 812.768 3603 703.437 827.56 -1 705.682 832.251 -1 832.099 855.242 -1 832.099 855.242 -1 820.567 864.252 -1 886.367 905.918 -1 665.736 923.709 -1 883.153 933.946 4117 866.047 943.98 4118 579.58 954.086 -1 581.38 959.658 -1 581.38 959.658 -1 865.751 967.578 -1 865.751 967.578 -1 1865.75 1.2759 -1 1686.76 8.71027 -1 51.0985 9.86448 6543 1553.24 9.49117 -1 1236.03 10.7339 -1 1662.77 10.1489 5449 1662.77 10.1489 5448 124.466 11.685 5109 1597.01 13.4433 -1 1597.01 13.4433 -1 135.34 16.8128 -1 1705.47 16.9923 -1 1960.78 16.9167 -1 183.716 18.8367 4458 250.148 20.7306 4459 250.148 20.7306 -1 668.635 20.4769 5861 1516.28 21.8017 4244 1572.92 23.4089 -1 952.648 24.9019 6264 206.979 25.9292 4460 1744.01 25.6801 -1 196.057 26.2938 4405 1479.55 26.3417 4560 234.225 27.1861 4245 1968.99 27.2376 -1 1968.99 27.2376 -1 1513.69 28.6865 3821 1513.69 28.6865 7082 1722.72 29.8122 -1 1814.36 29.6246 -1 249.358 32.2862 4408 1916.57 32.084 -1 48.62 32.8968 5775 1331.7 34.3849 3753 1331.7 34.3849 3754 1027.35 36.7648 4789 1457.48 36.2215 3714 1595.99 36.4841 2995 34.2486 37.3102 -1 951.806 37.457 240 1554.53 38.3744 3185 1554.53 38.3744 3185 999.372 39.9533 241 121.406 40.1627 3930 121.406 40.1627 3931 974.138 41.6387 6542 148.749 44.2315 3361 1270.96 44.2274 1117 1270.96 44.2274 4119 1894.87 44.6883 5235 120.559 47.7237 3462 1141.88 47.3926 6192 1141.88 47.3926 8131 1636.16 46.9977 3028 1636.16 46.9977 6472 1871.47 48.0682 3668 1551.31 48.6111 3670 1902.76 49.2136 -1 177.203 51.0509 3363 1919.96 50.8395 4563 28.6918 52.9587 -1 1879.94 53.3518 3767 81.4176 55.7443 3856 1872.41 55.1526 3682 1872.41 55.1526 3681 1783.71 56.6499 4625 1901.37 57.5041 3769 1950.77 57.6412 5920 1950.77 57.6412 -1 1587.87 58.573 1324 1860.89 58.5781 3857 1451.32 60.2445 408 1465.82 59.3496 2540 57.8926 60.7712 3983 247.19 62.8541 2475 43.6121 63.5215 4412 1515.85 63.6674 1121 1946.26 63.9084 -1 941.625 64.6605 6269 1459.71 64.879 244 1570.81 64.4685 3858 185.761 65.8303 2297 1864.07 65.8943 4348 1864.07 65.8943 3588 1756.72 67.8689 2699 1033.54 69.1212 4347 114.609 70.933 3465 243.535 70.4267 8474 98.4219 71.9209 4750 98.4219 71.9209 -1 936.915 72.2185 6270 936.915 72.2185 6271 2026.84 72.5132 6204 2026.84 72.5132 -1 156.726 73.3198 2701 1762.06 74.3054 2884 247.936 77.545 2738 247.936 77.545 3589 144.337 78.3841 2702 1119.83 78.7258 5975 1994 78.8711 4611 1994 78.8711 4612 202.759 79.7035 2300 1941.01 79.2555 4121 1941.01 79.2555 -1 1031.7 80.1591 6545 1533.94 80.323 2352 1533.94 80.323 6429 1361.04 81.7056 1132 1361.04 81.7056 1131 182.843 85.6042 2302 1853.64 85.7621 -1 1866.06 85.2471 3273 1866.06 85.2471 5561 128.413 86.3884 3244 1410.57 86.9468 1734 1599.54 86.7434 1330 1103.55 87.0379 -1 1565.79 87.9695 1333 1545.95 89.2692 1133 1029.88 90.5117 6274 120.76 91.3732 3246 120.76 91.3732 3245 1532.23 94.8285 2824 58.8408 98.8243 3941 120.825 98.8116 3365 111.446 101.78 3468 270.562 101.367 2885 1104.69 101.06 6202 1024.7 103.403 6963 95.1241 104.164 4465 1031.27 104.869 7587 1247.83 104.927 8093 1645.37 104.714 1144 1645.37 104.714 1144 969.499 106.196 7325 1112.82 106.465 6616 1782.66 107.317 -1 111.426 109.495 3470 111.426 109.495 3469 141.135 110.211 2640 1665.08 111.333 4873 1879.37 113.863 6863 147.363 114.637 2706 164.706 114.515 2707 946.03 115.865 7020 1173.16 118.461 -1 85.0565 119.256 7312 1211.22 119.568 4123 252.987 120.4 2355 2023.71 120.875 -1 2023.71 120.875 6779 206.052 121.77 2305 1558.39 121.408 1154 264.921 122.579 5639 231.581 123.215 2557 1584.34 123.281 3758 1584.34 123.281 -1 2032.07 123.967 5779 1764.9 124.073 -1 37.7116 126.401 4418 937.836 126.22 7009 2039.95 126.696 -1 2039.95 126.696 -1 1797.86 127.162 3988 108.409 131.508 3471 196.107 133.464 2357 280.037 134.042 2019 280.037 134.042 2018 1565.36 135.973 1165 251.914 138.407 2060 908.701 139.375 8284 1785.54 139.337 3619 41.017 142.265 4468 41.017 142.265 4469 133.501 141.591 3373 133.501 141.591 3493 886.372 142.648 -1 1074.07 144.298 -1 1575.91 144.995 3495 65.9902 145.799 4691 65.9902 145.799 -1 124.576 144.998 -1 124.576 144.998 -1 264.083 146.365 3989 264.083 146.365 -1 171.431 147.322 7316 235.858 148.115 2062 181.772 149.317 3251 1581.42 149.741 1352 1581.42 149.741 1352 139.421 150.193 3250 114.199 152.104 3475 1547.79 152.891 4192 1833.41 152.194 -1 1833.41 152.194 -1 808.958 154.623 -1 808.958 154.623 -1 829.198 154.596 7771 1450.24 155.92 1358 1004.18 157.789 7595 1582.92 157.265 879 816.363 158.972 -1 97.9062 159.668 4250 1534.94 159.507 428 159.5 160.785 2713 236.899 162.048 2022 1781.29 161.078 4911 166.2 166.684 2311 1145.14 166.734 7241 2037.11 166.284 -1 2037.11 166.284 -1 158.656 167.742 2715 958.688 167.989 7835 282.601 168.518 5645 1359.34 168.638 -1 79.1801 172.693 3949 931.721 173.155 7837 146.677 174.71 -1 876.948 175.064 7836 1551.88 175.541 3496 836.892 176.196 7743 1005.51 176.583 8314 74.5755 177.384 3990 260.595 177.757 2066 1587.14 177.165 -1 358.901 179.201 3041 824.305 180.252 7926 876.365 181.932 7840 176.915 182.592 2316 1535.4 182.496 5562 1918.88 182.799 4252 203.422 184.547 2317 818.875 184.873 7843 186.548 185.233 2362 186.548 185.233 2363 1927.13 185.67 4124 1927.13 185.67 4125 931.958 187.403 8329 1560.84 187.847 522 257.692 188.189 2024 177.034 189.519 2364 112.916 190.758 3991 1931.74 192.386 -1 728.595 193.46 8427 112.705 198.493 3866 112.705 198.493 3579 932.289 200.546 8428 165.922 202.942 2241 165.922 202.942 2242 1018.28 203.864 -1 1536.4 203.012 284 1939 203.928 -1 357.128 205.551 5563 789.833 205.966 -1 808.881 205.566 7882 872.256 206.117 8509 1754.36 207.804 -1 796.529 209.962 7846 1119.98 211.026 -1 692.465 212.274 -1 1454.22 212.134 291 339.346 213.769 -1 986.441 213.285 -1 1488.1 213.144 6084 1460.63 217.13 296 85.9569 217.958 4126 85.9569 217.958 4127 270.759 218.672 2026 844.782 220.379 8429 183.523 222.589 2613 852.084 224.371 -1 368.828 225.419 2747 845.754 226.536 -1 54.8024 227.62 4426 248.616 227.626 3476 1253.06 229.163 6226 1253.06 229.163 6086 67.4512 229.994 -1 67.4512 229.994 4877 47.9989 231.875 4256 96.6359 231.768 3446 273.466 236.544 3004 773.268 237.497 -1 1213.94 236.847 7850 176.535 239.345 2319 322.328 239.632 2323 689.487 239.534 -1 797.766 238.9 8404 846.296 239.661 -1 760.931 241.932 8431 159.562 243.72 4703 1178.16 243.693 -1 1178.16 243.693 -1 187.862 244.889 2370 89.5673 245.612 3868 89.5673 245.612 3869 1365.75 245.57 303 135.29 246.184 3261 62.1244 248.173 3994 1545.16 249.58 304 798.573 251.782 -1 45.2386 251.91 4764 1253.41 253.149 6746 97.1643 256.246 3872 274.381 256.342 1947 1898.68 257.079 -1 110.843 257.521 -1 760.672 257.25 -1 192.421 259.707 -1 847.508 259.165 -1 736.061 259.663 8433 1577.29 262.516 4128 384.435 264.928 4585 384.435 264.928 1206 405.526 266.007 3284 755.968 265.161 8406 852.437 265.428 -1 1486.22 268.47 1217 462.606 270.714 2260 474.548 270.861 6718 799.426 270.48 -1 378.566 272.791 3660 1254.86 271.982 6752 805.748 273.376 -1 805.748 273.376 6745 146.442 273.945 -1 329.701 274.462 2328 368.901 274.994 5641 368.901 274.994 5641 401.7 274.097 1382 1871.32 278.469 -1 130.529 277.933 4288 484.605 279.118 1386 727.573 278.151 -1 1884.11 279.364 -1 116.032 280.379 3478 512.337 282.035 1213 1526.29 282.958 1223 719.852 283.877 -1 1866.25 284.002 4257 1580.55 286.059 978 114.752 287.486 -1 374.178 288.185 -1 861.564 287.98 -1 1860.57 289.366 -1 385.655 291.72 -1 509.985 292.924 1219 1110.43 293.666 -1 1123.39 293.048 -1 1123.39 293.048 -1 200.681 295.753 1712 200.681 295.753 3481 1575.37 295.026 -1 1595.07 295.982 -1 372.137 297.303 -1 1758.26 297.758 -1 218.558 299.541 1713 464.134 299.767 4996 451.439 300.604 4618 813.576 301.004 -1 875.047 302.174 -1 875.047 302.174 -1 1452.81 303.487 -1 1625.08 304.698 -1 859.753 305.424 -1 859.753 305.424 -1 807.253 306.846 -1 1554.65 307.34 3661 1591.78 307.176 5116 113.967 308.433 4914 538.75 309.569 1229 828.963 311.629 -1 828.963 311.629 -1 820.869 313.297 -1 692.69 314.964 -1 692.69 314.964 -1 1571.72 316.379 4593 684.483 319.034 -1 684.483 319.034 -1 701.824 318.724 -1 792.37 319.248 -1 1284.87 319.809 1001 91.3195 320.97 -1 693.597 320.853 -1 693.597 320.853 -1 155.298 324.047 -1 1511.29 323.541 462 409.821 324.771 2171 409.821 324.771 3484 855.918 324.471 -1 855.918 324.471 -1 802.075 328.872 -1 834.692 328.479 -1 1124.51 328.611 -1 1124.51 328.611 -1 533.699 330.315 2185 808.281 331.67 -1 850.66 333.044 -1 224.101 332.745 2336 1655.65 333.709 8339 1747.85 333.59 -1 1309.63 334.619 5938 1458.78 334.532 4805 33.0216 337.705 -1 758.777 337.286 -1 1542.69 338.751 2566 1542.69 338.751 -1 243.247 339.545 2379 911.682 339.602 -1 802.616 341.02 -1 764.436 341.059 -1 745.963 344.565 -1 713.59 347.421 -1 1341.7 347.888 348 759.667 349.245 -1 1576.76 349.643 -1 209.015 351.83 1704 1263.21 354.638 -1 850.967 355.24 -1 1339.55 355.422 5706 1339.55 355.422 -1 857.768 357.144 -1 1118.19 358.264 -1 1683.85 358.396 4129 836.436 359.98 -1 803.806 361.109 -1 1135.49 363.754 -1 1262.22 365.825 7479 760.545 366.917 -1 972.507 366.161 -1 870.208 367.581 -1 950.439 367.497 -1 219.647 369.026 1705 1223.01 369.076 -1 876.124 372.412 -1 876.124 372.412 -1 109.633 373.875 4181 816.955 373.178 -1 862.112 373.77 -1 862.112 373.77 -1 92.0663 375.265 3998 548.496 377.685 363 774.984 378.527 -1 823.45 378.548 -1 823.45 378.548 -1 870.263 378.093 -1 1184.51 378.005 -1 1312 378.627 -1 794.064 382.004 -1 794.064 382.004 -1 595.776 383.709 3703 781.433 383.701 -1 1014.92 383.528 -1 1119.46 385.66 -1 752.14 387.287 -1 752.14 387.287 -1 961.216 387.439 -1 1119.86 392.423 -1 209.446 393.697 1275 209.446 393.697 3486 544.175 393.224 3970 893.13 395.163 -1 538.003 396.068 3267 538.003 396.068 -1 63.5725 396.033 3999 700.158 396.262 -1 700.158 396.262 -1 753.09 397.947 -1 725.772 398.759 -1 684.727 399.983 -1 684.727 399.983 -1 961.526 403.873 -1 538.726 405.444 -1 538.726 405.444 -1 754.139 408.795 5570 864.525 408.477 -1 864.525 408.477 -1 738.112 409.536 -1 872.26 409.331 -1 872.26 409.331 -1 894.028 409.874 -1 1225.42 409.291 -1 262.082 411.515 1414 968.955 411.148 -1 314.262 413.631 1416 900.736 415.133 -1 909.37 414.34 -1 1245.79 415.806 -1 48.2585 417.503 6720 60.831 417.601 -1 60.831 417.601 7108 82.6232 417.785 5097 1121.89 418.553 -1 1190.68 418.549 -1 884.333 420.631 -1 124.768 421.269 3878 124.768 421.269 -1 66.8962 422.287 -1 53.558 423.319 -1 118.952 428.076 4000 552.483 429.642 3487 221.849 436.577 1419 553.5 439.264 4720 283.735 444.764 3290 283.735 444.764 2382 119.5 445.937 4131 252.471 445.235 1421 252.471 445.235 2341 665.164 446.491 3761 97.1168 447.615 5435 1123.65 446.964 -1 50.7244 450.13 5615 50.7244 450.13 -1 125.416 450.073 3879 68.3961 455.747 6886 81.7186 455.159 4268 1106.16 465.921 -1 1106.16 465.921 -1 1182.21 465.374 -1 1182.21 465.374 -1 1211.43 467.587 -1 53.8842 470.687 6763 1140.6 470.714 -1 1177.37 470.529 -1 35.6939 472.152 4446 535.464 472.029 4240 1183.42 475.634 -1 1183.42 475.634 -1 1099.38 476.28 -1 1099.38 476.28 -1 1215.51 476.735 -1 1149.55 478.616 -1 48.3722 480.316 4270 1009.39 482.577 -1 1204.2 483.221 -1 1001.63 484.132 -1 1145.55 484.244 -1 53.8678 486.633 -1 37.0716 492.928 4481 439.814 494.226 5636 613.635 495.329 -1 969.073 499.403 -1 112.446 501.354 4352 89.9697 502.329 4273 408.807 503.831 2383 41.7552 512.191 5049 327.355 513.084 759 113.476 517.287 3889 91.227 518.232 -1 45.6107 520.158 -1 45.6107 520.158 -1 609.144 520.889 -1 609.144 520.889 -1 84.3602 522.615 5329 164.099 522.762 2730 237.058 526.389 777 1288.14 526.61 2888 1288.14 526.61 -1 95.2856 528.581 -1 81.1025 530.611 4243 1048.84 531.395 6467 1048.84 531.395 6636 506.596 532.716 4279 127.048 537.739 4133 178.689 539.629 2758 36.3563 540.699 4734 362.245 551.193 781 397.339 551.797 765 368.794 554.139 1521 356.479 557.361 1426 271.07 562.872 1313 280.674 563.073 1314 342.993 563.603 1427 315.384 565.77 1429 307.606 568.187 1315 673.19 574.942 4452 234.409 578.108 1430 856.788 681.279 3585 1535.37 692.553 4134 879.21 693.78 4135 831.336 711.982 3461 1548.32 717.129 -1 1549.9 744.346 3762 725.734 809.175 3502 696.448 842.557 4136 873.951 849.627 -1 873.951 849.627 -1 605.04 851.29 3764 605.04 851.29 3763 859.424 853.705 -1 666.729 864.601 -1 906.602 876.603 -1 906.602 876.603 -1 856.577 901.831 4137 632.327 907.624 4138 847.032 962.627 -1 751.477 1005.59 -1 857.077 1006.81 -1 872.2 1007.76 -1 596.831 1014.69 -1 874.282 1014.65 -1 1402.44 1021.45 -1 148.694 3.77959 4674 1096.34 5.298 -1 1142.78 7.22563 -1 1124.39 7.21038 -1 1154.15 8.39007 -1 1674 8.63765 -1 1827.56 8.4253 -1 1622.65 10.1674 5692 1885.44 10.0183 4908 1491.51 11.6627 6078 1544.57 12.4746 6727 1653.08 12.4477 6148 1561.05 13.409 6265 1561.05 13.409 7634 1892.11 16.9459 4909 192.257 17.725 4457 192.257 17.725 -1 1499.25 19.5947 6004 1976.8 19.8131 -1 1976.8 19.8131 -1 1953.22 22.0882 -1 1523.53 24.3256 5349 1490.59 25.471 5846 187.417 26.9769 4624 187.417 26.9769 4961 1699.63 27.6169 -1 262.709 28.8521 4461 1274.54 29.1822 4490 996.811 32.9247 6917 355.479 33.031 3423 1047.17 36.5714 5519 1350.5 36.6256 4354 1924.64 36.3399 4934 42.3891 37.569 5333 42.3891 37.569 6473 136.043 37.5892 4003 949.51 37.3264 240 1170.06 39.7485 5847 1358.82 39.9281 6423 209.34 40.1986 3554 209.34 40.1986 3981 1881.63 41.5321 4139 1881.63 41.5321 -1 358.947 42.6576 3018 128.572 43.6859 4004 1501.16 45.0509 -1 39.0885 45.5643 4492 1043.87 45.2888 4491 1043.87 45.2888 4923 1935.7 46.7357 -1 204.157 47.2593 3587 218.058 49.3169 3680 1271.56 51.8322 1325 1726.61 51.9696 -1 134.844 54.3501 4205 225.139 56.345 2737 191.106 58.2634 2761 1500.15 61.5863 1437 1556.69 61.0551 5450 1408.59 62.3079 1531 952.185 66.2847 6296 58.7657 69.5733 3985 58.7657 69.5733 3986 1360.79 72.3886 3684 1467.1 73.0223 410 1731.5 73.8097 -1 1633.01 74.6121 5129 1633.01 74.6121 7262 110.455 77.2851 -1 127.967 77.3728 3272 256.947 83.3682 2351 943.027 82.6974 6298 1540.47 84.3509 1128 164.342 85.514 -1 181.547 85.7827 2302 1344.99 87.453 3770 1344.99 87.453 3771 84.7852 88.4745 4493 84.7852 88.4745 4140 1425.03 94.8952 417 1464.14 97.4446 5177 1464.14 97.4446 5177 1522.01 97.2884 2390 148.646 105.236 3275 198.21 105.031 2353 995.904 105.947 6300 1525.32 106.698 1441 1868.96 107.818 3772 1790.29 107.686 -1 190.902 109.188 2354 961.713 108.86 6919 1759.07 112.177 4141 267.474 113.616 4553 39.0612 117.98 4466 159.615 120.2 2741 1867.29 120.619 3861 925.58 123.876 7219 1660.85 124.472 -1 1660.85 124.472 -1 272.945 127.073 2014 272.945 127.073 2015 330.878 126.521 2743 1139.52 129.095 6277 232.908 131.411 4206 1767.77 131.249 -1 1767.77 131.249 5112 1629.43 133.519 -1 125.293 135.651 3492 1254.31 135.793 7089 269.483 136.581 2103 1793.33 136.492 5185 1246.4 137.634 6800 202.272 140.735 2744 202.272 140.735 3372 279.413 142.352 3558 1780.76 147.911 3308 821.056 149.965 7781 860.713 150.091 -1 48.4961 150.024 4142 875.417 154.091 8002 111.422 159.947 3592 967.938 159.621 7772 169.619 160.535 2227 1456.79 160.145 4973 2043.46 160.143 -1 1752.75 164.439 -1 58.0184 165.73 4284 781.906 165.391 -1 922.631 165.933 7374 922.631 165.933 7375 1003.91 165.933 7900 1590.64 167.036 1182 301.029 167.869 2230 1599.07 168.233 -1 254.564 169.922 2360 907.215 170.888 7782 328.957 171.041 2393 1453.43 171.136 266 112.947 172.947 3254 174.885 173.275 2392 163.504 174.418 2231 837.788 174.666 7743 1572.71 175.216 1362 1765.27 176.154 4143 1765.27 176.154 -1 778.746 183.915 8271 778.746 183.915 8328 738.975 184.206 -1 1918.21 183.792 -1 1006.28 186.023 8426 1736.61 188.067 -1 111.984 190.164 3991 344.119 189.428 -1 161.848 190.727 3278 779.261 196.065 8401 1572.74 196.519 436 154.43 199.903 4976 1106.26 199.509 -1 238.693 201.485 5180 801.822 203.451 7901 1113.29 204.141 -1 264.405 205.767 2365 264.405 205.767 2366 870.485 205.649 8509 1008.65 205.155 -1 227.633 206.213 2395 227.633 206.213 -1 365.5 206.507 5249 1530.18 205.944 3279 1530.18 205.944 3280 330.401 207.563 -1 330.401 207.563 -1 753.391 207.737 -1 753.391 207.737 -1 918.339 213.023 -1 1346.57 212.186 4287 833.214 217.486 8439 1114.2 217.205 -1 680.794 219.514 -1 680.794 219.514 -1 95.3969 221.543 4498 63.6489 222.445 4255 696.014 225.818 -1 127.327 227.548 3282 266.141 231.429 2612 787.505 232.776 8430 1355.61 232.887 5465 1835.66 232.59 4145 160.405 233.861 3606 1842.33 232.658 4146 1336.55 235.718 5725 61.9382 238.795 5114 142.315 239.092 3283 681.434 239.279 -1 1348.91 240.15 3775 205.969 247.084 4556 1491.75 247.273 1469 246.043 248.549 2398 783.191 250.571 8432 192.797 251.424 2766 88.2451 252.585 4616 88.2451 252.585 3871 160.986 253.368 4826 238.152 256.173 2581 1898.3 256.886 -1 32.1629 260.296 -1 511.217 261.329 1468 116.683 264.804 -1 1607.51 265.346 -1 493.335 267.116 1472 168.134 270.197 -1 168.134 270.197 -1 350.669 271.158 2400 211.841 271.796 4148 1011.36 272.496 -1 121.392 274.294 3511 121.392 274.294 -1 360.077 274.362 1476 928.087 277.786 -1 161.703 278.701 -1 332.814 280.07 8059 912.438 280.89 -1 912.438 280.89 -1 1243.14 280.701 6804 79.6006 281.6 4149 79.6006 281.6 -1 2026.29 281.283 4473 311.874 283.183 -1 451.666 284.005 1478 163.808 287.321 -1 1874.52 286.99 -1 443.441 289.997 1391 1834.95 288.872 -1 843.269 296.037 -1 971.368 301.073 -1 231.119 304.86 2376 133.837 308.67 6092 838.365 309.427 -1 1517.45 310.909 2550 1597.37 313.798 -1 1597.37 313.798 -1 1579 314.207 4500 523.851 314.936 1487 1442.39 315.105 1491 1463.97 315.349 1401 1587.38 316.538 5118 1587.38 316.538 5119 800.766 317.715 -1 176.281 321.528 3287 870.113 321.933 -1 201.29 322.727 1720 1535.23 323.373 -1 758.577 326.892 -1 758.577 326.892 -1 924.847 329.367 -1 1346.68 329.38 468 1506.17 331.473 7314 1738.4 331.582 3689 1549.55 332.591 2585 1549.55 332.591 2585 1461.04 334.254 4805 311.598 336.371 2402 1577.65 336.462 -1 303.589 340.525 2115 422.394 342.377 1496 256.416 344.111 2081 256.416 344.111 2080 1111.49 344.903 -1 1596.26 345.923 -1 1255.95 349.602 8163 1255.95 349.602 -1 871.758 355.395 -1 871.758 355.395 -1 1179.71 357.198 -1 1179.71 357.198 -1 422.582 358.837 2180 422.582 358.837 2178 231.996 359.398 1723 1145.14 361.161 -1 1145.14 361.161 -1 242.439 362.397 2381 527.187 366.402 354 831.961 372.66 -1 970.958 373.74 -1 529.904 375.901 473 710.325 376.366 -1 787.324 377.747 -1 803.588 377.538 -1 1006.49 382.106 -1 1006.49 382.106 -1 726.695 382.155 -1 69.0121 385.377 4828 538.453 385.626 -1 997.288 385.642 -1 266.253 389.939 2179 917.227 391.316 -1 72.9995 395.22 4502 708.123 398.968 -1 1272.22 398.377 -1 545.034 401.466 2567 34.8201 405.377 -1 568.941 407.279 3777 687.765 410.525 8248 700.184 410.531 -1 543.887 414.167 2754 918.653 418.42 -1 1180.24 418.939 -1 43.3271 424.473 4476 229.74 431.868 2405 658.793 441.948 -1 267.751 454.214 1513 267.751 454.214 3291 1114.22 456.307 -1 28.3266 461.325 -1 626.367 464.497 -1 1219.45 466.071 -1 1219.45 466.071 -1 1148.21 467.146 -1 1148.21 467.146 -1 1228.53 470.724 -1 509.212 478.911 4008 35.5968 483.561 -1 119.762 486.13 4150 1042.61 485.942 -1 943.883 492.651 -1 943.883 492.651 -1 455.572 496.502 3236 1232.09 501.292 3691 43.3996 501.185 -1 422.779 504.374 787 153.076 508.562 2755 309.867 516.739 3559 1060.9 518.263 -1 1060.9 518.263 -1 68.9038 519.748 5102 68.9038 519.748 6891 216.094 520.13 788 559.534 526.986 5575 189.377 530.429 3711 479.136 537.752 3599 1038.78 538.992 2897 1038.78 538.992 2898 456.067 539.489 3881 456.067 539.489 6290 431.386 544.102 2759 416.64 548.156 2569 623.499 552.611 4151 605.757 564.634 2772 176.135 576.637 2760 610.491 580.17 -1 477.943 589.955 4010 1414.52 612.215 3612 903.836 670.246 2906 1548.99 686.51 4152 846.487 726.791 2878 1552.89 730.958 -1 1544.53 735.005 3782 825.325 739.424 3305 819.413 747.454 3783 1532.75 748.166 4361 852.428 896.402 4362 633.269 897.549 5388 690.855 897.436 4013 641.731 952.74 -1 635.263 1013.54 -1 635.263 1013.54 -1 859.183 1013.77 -1 1499.75 1.58337 -1 1184.69 9.10547 -1 1873.75 8.78341 -1 1558.16 13.2263 7634 1558.16 13.2263 6265 1652.89 12.382 6148 95.1577 14.208 5480 153.515 12.9629 4816 153.515 12.9629 4815 226.432 16.921 -1 143.348 20.41 4507 143.348 20.41 4819 656.549 19.5124 5518 1799 21.3337 -1 128.23 22.1289 4790 670.525 22.6755 5861 970.658 22.7918 6795 1882.47 23.1401 4791 1523.25 23.8369 5349 1594.02 23.6304 5359 1274.51 28.8065 4490 1700.6 28.1057 -1 1940.82 30.6346 -1 118.012 33.8539 4933 1340.12 32.9878 4363 1547.81 31.2652 5134 1873.58 31.9903 6359 104.07 35.4611 4510 159.101 33.6759 4509 1908.71 37.7917 4634 1542.63 41.3061 5474 1025.42 45.3025 4820 1042.3 44.897 4491 1042.3 44.897 4923 268.623 47.991 3932 1004.5 52.262 6015 1271.25 52.3562 1325 1573.69 51.4819 3020 1790.88 58.463 -1 1657.45 60.7704 -1 1657.45 60.7704 -1 1686.27 61.28 -1 1686.27 61.28 -1 115.613 62.2848 3503 903.984 63.2352 6331 1641.79 64.2945 1122 213.581 66.9689 3294 1156.66 67.3315 7543 1146.03 72.3116 5730 1237.46 76.2092 4683 1450.18 76.4314 569 1609.38 76.6013 5719 215.352 78.1897 7313 58.6128 79.8654 4821 269.177 80.9031 3295 269.177 80.9031 2384 1209.31 87.215 575 276.579 90.8203 3274 1440.58 90.74 499 138.792 96.1436 3379 1315.35 96.29 500 207.301 99.1132 2574 1172.16 99.66 5738 244.844 103.017 2388 70.9943 104.272 4017 1537.63 104.161 1440 1537.63 104.161 6080 1024.76 106.373 6963 1024.76 106.373 6302 40.5309 108.355 4494 40.5309 108.355 4495 75.8106 115.213 4018 133.023 118.777 3926 895.862 122.324 7279 926.24 122.632 7219 1775.73 121.522 4936 100.113 123.887 4005 1448.19 126.5 2560 149.06 127.761 2775 906.458 129.426 7516 906.458 129.426 7386 1499.05 127.83 2895 1499.05 127.83 3376 192.707 128.913 3307 192.707 128.913 -1 32.2755 135.526 4823 32.2755 135.526 -1 269.674 136.962 2103 1246.41 138.107 -1 1637.09 140.373 8253 1438.05 145.378 586 1073.16 148.86 7403 1090.63 149.928 8165 995.995 155.25 7788 62.316 156.068 4019 1568.76 155.88 4156 1568.76 155.88 4157 1597.88 158.275 4296 74.3839 161.142 4020 1102.95 161.937 -1 1135.14 160.211 6902 862.07 165.099 7657 897.422 164.787 7388 922.667 166.096 7374 776.011 170.221 7906 175.152 172.946 2392 353.143 171.972 -1 763.863 174.521 7389 1488.16 173.7 518 273.662 175.583 2105 957.072 177.222 8337 246.918 180.261 2126 340.9 180.601 -1 118.655 181.923 4299 808.844 181.558 7774 228.641 187.48 4496 278.87 187.682 2106 278.87 187.682 2394 107.3 187.831 3518 719.803 190.827 7796 753.202 194.981 -1 336.163 197.241 -1 282.668 199.268 2588 1336.65 205.489 4022 95.7701 206.74 3507 346.747 205.546 -1 346.747 205.546 -1 115.188 209.101 4511 115.188 209.101 3508 242.957 212.307 5176 1355.91 211.763 3774 104.978 214.311 4023 104.978 214.311 4497 1443.91 216.071 596 1336.58 221.562 -1 896.182 226.376 -1 86.6216 229.346 4158 99.0827 230.457 4300 1577.75 230.112 597 1577.75 230.112 -1 1516.08 232.979 599 160.155 233.737 3606 1336.86 234.119 5725 129.036 237.336 3509 129.036 237.336 3510 681.314 237.996 -1 1327.21 241.843 1467 1503.76 243.083 2583 255.311 243.501 2110 1471.35 247.437 528 726.435 253.667 7883 1321.49 253.401 531 64.5388 257.318 4159 64.5388 257.318 4827 470.067 260.176 1465 511.304 261.113 1468 482.288 261.432 949 482.288 261.432 4026 493.347 266.951 1472 1569.11 266.482 3786 1001.47 269.045 -1 1001.47 269.045 -1 1470.75 268.009 3607 1858.06 268.867 -1 711.008 273.366 -1 223.144 274.327 2416 340.497 274.234 5181 1012.05 272.653 -1 35.0593 278.467 -1 928.155 277.934 -1 1536.58 278.307 602 433.813 280.871 1477 1874.98 281.423 -1 817.123 282.858 -1 452.136 284.626 1478 736.425 283.797 -1 1225.25 283.99 8338 1692.37 288.137 2112 1817.79 288.353 -1 922.458 289.557 -1 962.374 293.947 -1 415.654 296.533 2375 1117.75 301.165 -1 123.55 304.41 -1 123.55 304.41 -1 522.89 304.169 2401 133.742 308.486 -1 962.874 309.455 -1 1518.07 312.288 2550 1490.01 315.646 2768 1607.17 319.351 4290 176.075 321.359 3287 223.4 322.111 2781 223.4 322.111 1719 962.894 321.559 -1 1127.08 326.704 -1 1335.48 327.295 548 1335.48 327.295 547 147.263 329.865 -1 311.86 336.403 2402 826.682 337.52 4161 930.22 337.774 -1 1110.85 344.413 -1 1254.87 349.758 7660 1254.87 349.758 8163 1215.99 353.575 -1 1215.99 353.575 -1 689.315 364.231 4501 1612.62 363.855 -1 576.421 370.235 610 970.229 374.23 -1 761.05 382.255 -1 720.497 392.757 -1 224.069 403.035 1592 34.9458 405 -1 214.607 410.182 2277 1255.88 416.071 -1 1244.86 436.407 5466 1147.63 456.489 -1 636.444 462.443 -1 628.335 475.405 -1 991.191 491.934 -1 1025.41 491.594 -1 485.869 494.812 5178 891.395 496.126 -1 891.395 496.126 -1 1241.67 499.574 3780 351.837 503.568 790 602.039 512.13 6342 602.039 512.13 -1 277.806 517.897 796 277.806 517.897 2418 151.195 520.951 3303 155.06 538.381 3304 381.091 551.919 792 381.091 551.919 793 24.762 554.694 -1 178.077 557.652 2693 212.084 558.021 1564 1000.91 571.933 2420 1000.91 571.933 2594 973.789 596.541 2598 973.789 596.541 2599 1550.97 664.009 4369 894.326 681.441 6100 819.061 748.139 3783 1541.39 755.007 3696 751.409 815.325 4195 751.409 815.325 4390 722.428 819.374 3784 696.083 832.485 3785 653.794 874.222 5023 593.901 936.027 -1 642.937 952.154 -1 629.002 954.234 -1 616.232 1014.66 -1 635.161 1013.99 -1 670.237 11.0433 6293 930.864 10.5633 -1 1571.96 11.3148 6328 61.8402 13.6011 4814 167.461 14.6602 4818 1534.14 14.631 -1 1943.77 15.3544 6057 1511.88 15.9301 5859 1625.54 23.4721 6666 988.383 25.5766 -1 1358.42 26.9899 5133 1562.79 26.1859 5143 1562.79 26.1859 5599 93.4013 29.6544 4508 93.4013 29.6544 4294 1190.35 32.8277 4955 78.018 33.6842 4371 1497.54 35.2074 5144 1497.54 35.2074 5145 118.877 35.2144 4933 1482.09 37.5072 6354 1482.09 37.5072 3787 172.945 38.961 4295 1571.58 39.0162 3039 936.277 40.9367 -1 936.277 40.9367 6116 982.593 44.7595 6010 954.954 47.4855 617 1121.05 47.429 6485 1333.08 46.848 4364 1743.99 45.7029 -1 94.7958 56.7283 3899 969.16 56.2404 6006 1777.05 57.6513 4518 1885.78 59.3442 5254 1481.79 63.3656 618 1247.07 74.1646 570 1480.8 78.676 571 924.876 79.7012 6356 1320.86 82.1903 7678 195.197 85.3598 2773 893.048 83.6931 6357 893.048 83.6931 6358 1462.49 84.2838 572 1462.49 84.2838 573 99.9213 87.2462 3900 1629.72 88.5742 4640 221.342 91.366 2412 915.353 92.2818 8513 992.337 94.3358 6334 992.337 94.3358 6335 1550.61 94.7624 1574 1550.61 94.7624 5870 187.642 96.4588 2387 187.642 96.4588 3925 865.509 96.1431 6360 260.72 101.597 2389 1627.61 112.099 2423 1627.61 112.099 2423 1514.01 115.426 1575 120.369 124.292 3516 120.369 124.292 3517 884.261 123.829 7163 884.261 123.829 7162 1788.61 126.72 3604 857.382 135.633 7285 1098.06 134.596 7056 782.068 136.669 7035 1205.24 137.877 5743 926.037 140.836 7231 939.608 145.596 7387 939.608 145.596 7787 1169.76 147.535 6671 1528.97 152.59 628 1759.36 152.586 5197 1773.59 154.587 5634 175.792 158.607 2424 1057.85 161.894 -1 1516.04 165.954 630 841.187 167.889 7404 1560.09 176.035 5489 1278.45 179.605 1458 749.815 181.263 -1 52.1838 188.836 4372 52.1838 188.836 4302 681.046 190.4 -1 1341.48 192.552 592 1516.09 200.85 638 52.1788 201.946 5016 158.021 205.19 2776 814.163 208.936 8446 1500.58 208.574 594 1500.58 208.574 595 276.017 210.727 2414 680.255 209.315 -1 36.0184 212.135 -1 137.253 212.235 3313 1563.7 215.135 2596 210.781 223.594 2415 998.768 229.466 -1 1485 237.21 642 125.189 249.294 3519 1552.93 255.48 1548 1481.69 258.814 600 1481.69 258.814 2780 685.559 261.665 -1 685.559 261.665 -1 1292.11 272.745 601 294.552 279.495 2429 1853.65 286.955 -1 185.908 301.968 3285 1453.5 311.504 604 1453.5 311.504 4029 158.826 326.637 4513 738.914 333.577 -1 1443.75 331.416 5020 1294.31 333.885 649 524.103 339.695 2172 1670.38 345.295 -1 1711.71 348.132 -1 1711.71 348.132 -1 520.222 355.406 609 137.311 356.611 3598 1700.12 362.164 -1 1295.68 369.328 6912 1316.87 368.531 -1 851.545 372.606 -1 120.436 374.286 -1 194.277 373.73 3520 939.54 376.741 -1 584.822 405.779 2123 1213.63 407.25 -1 1142.79 410.321 -1 554.326 412.334 3521 294.395 418.727 1593 676.469 418.344 8449 543.187 430.367 3902 675.368 433.069 -1 509.99 451.187 3903 573.44 451.365 6677 27.1276 454.878 -1 1089 456.947 -1 296.414 457.965 1560 284.182 470.856 2431 228.035 474.471 1597 556.205 478.339 4829 1110.02 478.387 -1 1110.02 478.387 -1 210.17 481.38 1561 210.17 481.38 2417 388.339 497.444 1598 258.69 512.469 795 622.78 518.219 5027 262.206 526.186 3712 190.034 532.316 3711 168.639 547.439 4832 335.278 553.043 797 96.9354 561.371 4164 44.3365 568.858 4517 939.465 624.257 2436 939.465 624.257 2437 1540.56 651.009 3701 1559.51 681.231 3789 1531.73 737.669 4370 860.505 885.87 -1 860.505 885.87 -1 856.062 972.714 -1 856.062 972.714 -1 1720.01 10.9017 -1 1668.17 25.1707 -1 1668.17 25.1707 6329 1686.65 28.7385 6353 1731.38 31.7488 -1 1731.38 31.7488 -1 1792.18 33.5803 -1 1792.18 33.5803 -1 940.052 36.7362 6951 940.052 36.7362 6950 1317.71 40.9473 5265 1887.17 41.5204 6011 1586.22 45.15 3050 953.888 48.1978 617 1001.96 50.6913 6015 1001.96 50.6913 6015 255.091 69.205 2410 1506.74 73.1729 1606 1506.74 73.1729 2600 1108.85 75.4768 7211 174.424 93.976 -1 864.022 95.7886 6360 123.564 108.756 3525 1225.63 113.813 5149 221.248 124.683 2786 1187.55 126.486 6128 801.944 140.293 585 923.139 140.378 7231 1002.53 141.665 7401 839.741 147.413 7400 315.783 149.673 -1 981.79 149.393 7402 1020.38 151.817 8346 137.468 159.375 3527 293.906 158.233 2138 293.906 158.233 2139 802.755 159.248 -1 802.755 159.248 -1 1276.83 158.068 5363 881.816 165.826 7795 881.816 165.826 7794 1544.48 165.51 665 1515.82 166.587 630 86.68 175.363 4643 725.911 177.894 7405 725.911 177.894 7406 1061.05 183.135 -1 137.045 187.741 3312 1320.38 195.065 637 369.77 204.198 2465 815.601 208.926 8446 1023.36 210.45 -1 1828.26 213.469 -1 1828.26 213.469 -1 771.507 224.43 -1 278.978 229.34 4944 97.2242 270.812 4304 139.002 271.229 4646 448.196 270.742 2428 768.282 276.938 -1 414.414 279.795 2601 40.1221 284.68 -1 40.1221 284.68 -1 1195.95 288.973 -1 946.904 306.945 -1 153.46 307.286 3528 769.04 316.734 -1 1279 318.786 6684 1132.98 321.267 -1 42.7988 325.39 -1 435.752 329.14 4030 91.1694 333.747 -1 1122.78 339.539 -1 139.336 344.928 -1 1654.7 353.214 -1 902.351 355.962 -1 1416.85 358.325 -1 697.768 359.967 -1 726.652 361.759 -1 772.638 366.161 -1 1123.03 369.896 -1 1123.03 369.896 -1 691.129 376.858 -1 81.3267 380.472 4165 582.634 384.897 682 582.634 384.897 683 1280.45 390.156 -1 903.817 400.103 -1 885.218 414.197 -1 599.383 420.877 5601 1231.3 458.819 -1 1165.44 469.049 -1 417.104 491.749 2789 590.145 499.207 -1 616.247 502.488 -1 68.1144 524.646 5264 44.075 526.363 -1 170.003 534.665 3317 616.813 535.41 5028 83.2263 549.46 4166 1397.59 622.372 -1 129.623 674.642 3905 1541.88 712.138 4167 594.034 953.342 -1 594.034 953.342 -1 857.823 955.332 -1 831.381 993.796 -1 687.449 1009.05 -1 1007.33 4.0005 -1 1335.98 17.0812 7194 109.749 20.677 4842 1015.06 29.4431 -1 1731.14 31.966 -1 1731.14 31.966 -1 1708.11 35.9257 4305 1753.48 35.1543 4168 1936.18 37.3038 4843 252.447 44.4266 4034 186.937 55.2925 3383 919.755 54.4598 6018 1018.06 65.3033 5746 255.059 69.0014 2410 1036.14 81.002 -1 152.169 83.6443 3529 202.054 88.0358 3315 202.054 88.0358 -1 260.1 91.0244 3700 881.283 105.357 6956 215.621 113.334 2438 347.276 120.515 5031 1245.53 117.335 7544 1245.53 117.335 1609 47.9418 130.388 -1 1513.03 134.241 661 1513.03 134.241 660 1091.22 137.027 7410 189.275 143.66 4035 896.307 146.35 7411 65.9111 173.848 4169 1337.44 174.589 3790 980.068 189.111 -1 874.542 191.751 8451 1546.22 192.475 3791 198.766 212.579 2439 1042.04 217.459 -1 123.77 220.885 4520 919.095 222.572 -1 1558.25 231.961 672 1558.25 231.961 -1 192.464 234.555 2433 1213.2 269.087 -1 97.2232 271.053 4304 1275.12 276.506 694 1904.26 281.142 -1 1136.14 284.755 -1 1451.83 289.096 695 1504.15 312.708 676 1504.15 312.708 675 1277.88 318.807 6684 1564.45 322.214 -1 42.7987 325.71 -1 1586.35 336.355 -1 1586.35 336.355 -1 519.736 344.02 -1 1506.53 349.81 -1 1506.53 349.81 -1 421.889 351.005 2176 864.881 352.787 -1 1306 350.867 679 884.884 366.953 -1 210.717 372.991 2793 205.601 401.097 5633 205.601 401.097 3318 884.525 413.18 -1 42.2198 424.866 -1 238.068 426.131 3530 562.571 448.414 4845 634.903 453.699 -1 1131.94 462.504 -1 1165.14 460.204 -1 1200.82 461.628 -1 583.996 467.161 5758 544.096 515.415 4947 408.638 546.239 2795 848.777 544.763 -1 1288.28 553.165 2914 1288.28 553.165 5151 92.4539 602.29 3907 889.644 667.403 2160 889.644 667.403 2161 597.123 951.927 -1 597.123 951.927 -1 622.042 998.719 -1 268.329 13.0395 -1 1707.37 12.8757 -1 1425.76 24.6821 4841 1617.55 23.2447 -1 1482.72 51.1241 2796 1532.08 50.9687 2605 1606.95 56.9144 3061 1101.17 77.2855 6138 277.612 112.65 2797 177.443 116.533 2602 961.431 132.972 7416 1597.62 131.912 6687 1774.39 139.432 3709 1774.39 139.432 2913 98.1611 143.075 4038 1455.53 141.688 689 1066.81 169.928 8450 1458.75 181.392 691 766.239 198.154 8349 714.471 209.986 -1 714.471 209.986 -1 368.698 262.022 1634 874.743 275.917 -1 948.555 277.949 -1 948.555 277.949 -1 147.115 288.605 -1 465.145 288.021 4307 827.394 287.533 -1 1556.19 286.705 3908 1556.19 286.705 6481 784.206 297.703 -1 744.338 309.21 -1 722.552 326.304 -1 1482.84 331.541 7414 950.736 351.118 -1 1629.85 356.18 -1 537.665 361.177 2173 720.809 375.124 -1 955.499 384.399 -1 955.499 384.399 -1 983.617 398.1 -1 560.27 400.515 3532 108.314 429.431 -1 108.314 429.431 -1 520.575 454.77 4037 328.562 499.275 1657 255.834 534.217 2442 1262.46 536.549 2443 284.517 571.814 2445 33.1806 592.067 -1 1338.7 606.52 5033 1566.23 704.593 4377 821.007 731.423 2609 821.007 731.423 2608 336.727 6.66365 -1 1263.22 18.4999 -1 1860.25 26.2949 -1 1652.86 33.3051 5886 1146.43 47.9749 7703 1264.04 143.178 -1 1045.97 145.707 7704 348.605 146.657 4170 348.605 146.657 -1 851.69 162.77 7805 1490.72 195.134 2606 1490.72 195.134 4171 1460.99 224.066 2798 29.0112 239.895 -1 1345.15 246.816 715 1345.15 246.816 714 697.608 251.014 -1 697.608 251.014 -1 330.83 293.682 -1 215.283 301.804 3533 744.946 389.563 -1 669.808 410.177 -1 1034.46 461.075 -1 261.169 505.66 2800 470.54 511.276 3792 362.222 524.618 2801 305.43 531.277 801 78.3452 575.314 4308 726.848 828.291 3910 726.848 828.291 3911 1857.6 24.6992 -1 1298.4 42.1786 -1 48.8547 65.6198 -1 1384.62 62.477 6500 878.961 68.961 6598 1491.96 104.822 1659 1491.96 104.822 1660 290.592 115.362 2156 1822.43 109.616 4039 1163.56 128.314 6501 1047.54 146.551 7704 1262.57 144.587 -1 1491.53 167.095 -1 77.6668 194.717 4850 1536.18 191.926 3535 1262.5 204.79 4173 1305.01 221.304 4174 1828.17 271.943 -1 707.452 297.015 -1 48.8638 385.338 -1 48.8638 385.338 -1 62.4795 432.126 4526 1033.07 459.728 -1 612.047 463.724 5034 612.047 463.724 -1 1079.52 468.933 -1 57.4965 509.267 -1 33.0797 554.66 -1 1701.69 837.025 4175 622.871 938.139 -1 622.871 938.139 -1 1435.35 65.5405 2466 1119.8 101.011 6388 1119.8 101.011 6389 992.18 120.85 7419 1306.76 141.155 3793 1392.1 212.127 723 242.006 237.09 2447 195.438 283.333 4177 378.702 303.408 4949 1044.1 312.195 -1 560.072 475.471 -1 146.969 551.474 4040 1464.55 703.385 4178 1391.7 8.58573 6690 1231.31 48.3365 4179 1580.42 90.1235 2610 424.773 252.785 2804 924.681 326.106 -1 1570.51 349.154 -1 1570.51 349.154 -1 1580.72 93.9564 4853 316.742 228.701 3617 316.742 228.701 3618 928.68 245.921 -1 1790.28 251.786 -1 1246.73 312.244 7224 482.692 324.44 2175 482.692 324.44 2449 165.848 480.394 3545 1318.25 123.473 4042 956.025 107.816 -1 203.873 127.604 -1 83.6258 326.347 -1 83.6258 326.347 -1 802.923 237.132 -1 1184.23 288.997 7709 633.349 359.273 5623 633.349 359.273 5624 443.726 370.421 -1 96.5 0.5 -1 96.5 0.5 -1 96.5 0.5 -1
